{
 "cells": [
  {
   "cell_type": "code",
   "execution_count": 28,
   "metadata": {},
   "outputs": [
    {
     "name": "stdout",
     "output_type": "stream",
     "text": [
      "         DATE_FOR RTD_ST_CD CustomerSegment     Tenure        Age MART_STATUS  \\\n",
      "0       5/19/2014     ST_S0               1  16.175222  78.403833       MS_S0   \n",
      "1       5/17/2014     ST_S0               1  15.931554  70.989733       MS_S1   \n",
      "2       5/15/2014     ST_S0               1  15.937029  87.578371       MS_S2   \n",
      "3       5/16/2014     ST_S1               1  15.934292  68.438056       MS_S2   \n",
      "4       5/20/2014     ST_S0               1  15.501711  80.514716       MS_S0   \n",
      "...           ...       ...             ...        ...        ...         ...   \n",
      "130081  5/17/2014    ST_S16            NONE   0.131417  46.258727       MS_S2   \n",
      "130082  5/19/2014    ST_S41            NONE   0.117728  36.574949       MS_S1   \n",
      "130083  5/16/2014    ST_S14            NONE   0.131417  56.906229       MS_S3   \n",
      "130084  5/15/2014    ST_S14            NONE   0.087611  23.857632       MS_S2   \n",
      "130085  5/19/2014     ST_S9               3   9.434634  32.276523       MS_S1   \n",
      "\n",
      "       GENDER  CHANNEL1_6M  CHANNEL2_6M  CHANNEL3_6M  ...  CHANNEL5_3M  \\\n",
      "0           F          0.0          0.0          1.0  ...            2   \n",
      "1           F          0.0          6.0          0.0  ...            0   \n",
      "2           M          0.0          0.0         10.0  ...            0   \n",
      "3           M          0.0          0.0          1.0  ...            0   \n",
      "4           F          0.0          0.0          1.0  ...            0   \n",
      "...       ...          ...          ...          ...  ...          ...   \n",
      "130081      M          0.0          0.0          0.0  ...            0   \n",
      "130082      M          0.0          0.0          0.0  ...            0   \n",
      "130083      M          0.0          0.0          0.0  ...            0   \n",
      "130084      M          0.0          0.0          0.0  ...            0   \n",
      "130085      F          0.0          3.0          0.0  ...            0   \n",
      "\n",
      "        METHOD1_3M  PAYMENTS_3M  NOT_DI_3M  NOT_DI_6M  EVENT1_30_FLAG  \\\n",
      "0                0            3          0          0               0   \n",
      "1                3            3          0          0               0   \n",
      "2                0            6          0          0               0   \n",
      "3                0            0          0          0               0   \n",
      "4                0            1          0          0               0   \n",
      "...            ...          ...        ...        ...             ...   \n",
      "130081           0            1          0          0               0   \n",
      "130082           0            2          0          0               0   \n",
      "130083           0            1          0          0               0   \n",
      "130084           0            1          0          0               0   \n",
      "130085           2            2          0          0               0   \n",
      "\n",
      "        EVENT2_90_SUM  LOGINS  POLICYPURCHASECHANNEL  Call_Flag  \n",
      "0                   0       0                      0          0  \n",
      "1                   0       0                      0          0  \n",
      "2                   0       0                      0          0  \n",
      "3                   0       0                      1          0  \n",
      "4                   0       0                      0          0  \n",
      "...               ...     ...                    ...        ...  \n",
      "130081              0       0                      0          0  \n",
      "130082              0       0                      0          0  \n",
      "130083              0       0                      0          0  \n",
      "130084              0       0                      0          0  \n",
      "130085              0       0                      0          0  \n",
      "\n",
      "[130086 rows x 29 columns]\n"
     ]
    }
   ],
   "source": [
    "# importing relevent library and dataset\n",
    "\n",
    "import pandas as pd\n",
    "import numpy as np\n",
    "import matplotlib.pyplot as plt\n",
    "import seaborn as sns\n",
    "from scipy.stats import boxcox\n",
    "from sklearn import metrics\n",
    "from statsmodels.stats.outliers_influence import variance_inflation_factor\n",
    "from sklearn.model_selection import StratifiedShuffleSplit\n",
    "from sklearn.ensemble import RandomForestClassifier\n",
    "from sklearn.metrics import f1_score, confusion_matrix, recall_score,precision_score, classification_report,roc_auc_score\n",
    "from sklearn.model_selection import GridSearchCV\n",
    "from sklearn.linear_model import LogisticRegression, LogisticRegressionCV\n",
    "from sklearn.ensemble import GradientBoostingClassifier\n",
    "\n",
    "data = pd.read_csv (r'/Users/prashntshukla/Desktop/DS_MiniProject_ANON.csv')\n",
    "print (data)\n"
   ]
  },
  {
   "cell_type": "code",
   "execution_count": 3,
   "metadata": {},
   "outputs": [
    {
     "name": "stdout",
     "output_type": "stream",
     "text": [
      "The data set has rows 130086 and columns 29\n",
      "DATE_FOR                  object\n",
      "RTD_ST_CD                 object\n",
      "CustomerSegment           object\n",
      "Tenure                   float64\n",
      "Age                      float64\n",
      "MART_STATUS               object\n",
      "GENDER                    object\n",
      "CHANNEL1_6M              float64\n",
      "CHANNEL2_6M              float64\n",
      "CHANNEL3_6M              float64\n",
      "CHANNEL4_6M              float64\n",
      "CHANNEL5_6M              float64\n",
      "METHOD1_6M               float64\n",
      "RECENT_PAYMENT           float64\n",
      "PAYMENTS_6M              float64\n",
      "CHANNEL1_3M                int64\n",
      "CHANNEL2_3M                int64\n",
      "CHANNEL3_3M                int64\n",
      "CHANNEL4_3M                int64\n",
      "CHANNEL5_3M                int64\n",
      "METHOD1_3M                 int64\n",
      "PAYMENTS_3M                int64\n",
      "NOT_DI_3M                  int64\n",
      "NOT_DI_6M                  int64\n",
      "EVENT1_30_FLAG             int64\n",
      "EVENT2_90_SUM              int64\n",
      "LOGINS                     int64\n",
      "POLICYPURCHASECHANNEL      int64\n",
      "Call_Flag                  int64\n",
      "dtype: object\n",
      "DATE_FOR                   0\n",
      "RTD_ST_CD                  0\n",
      "CustomerSegment            0\n",
      "Tenure                     0\n",
      "Age                        0\n",
      "MART_STATUS                0\n",
      "GENDER                     0\n",
      "CHANNEL1_6M              809\n",
      "CHANNEL2_6M              809\n",
      "CHANNEL3_6M              809\n",
      "CHANNEL4_6M              809\n",
      "CHANNEL5_6M              809\n",
      "METHOD1_6M               809\n",
      "RECENT_PAYMENT           809\n",
      "PAYMENTS_6M              809\n",
      "CHANNEL1_3M                0\n",
      "CHANNEL2_3M                0\n",
      "CHANNEL3_3M                0\n",
      "CHANNEL4_3M                0\n",
      "CHANNEL5_3M                0\n",
      "METHOD1_3M                 0\n",
      "PAYMENTS_3M                0\n",
      "NOT_DI_3M                  0\n",
      "NOT_DI_6M                  0\n",
      "EVENT1_30_FLAG             0\n",
      "EVENT2_90_SUM              0\n",
      "LOGINS                     0\n",
      "POLICYPURCHASECHANNEL      0\n",
      "Call_Flag                  0\n",
      "dtype: int64\n",
      "['5/19/2014' '5/17/2014' '5/15/2014' '5/16/2014' '5/20/2014' '5/14/2014'\n",
      " '5/13/2014' '5/18/2014'] DATE_FOR \n",
      "\n",
      "['ST_S0' 'ST_S1' 'ST_S2' 'ST_S3' 'ST_S4' 'ST_S5' 'ST_S6' 'ST_S7' 'ST_S8'\n",
      " 'ST_S9' 'ST_S10' 'ST_S11' 'ST_S12' 'ST_S13' 'ST_S14' 'ST_S15' 'ST_S16'\n",
      " 'ST_S17' 'ST_S18' 'ST_S19' 'ST_S20' 'ST_S21' 'ST_S22' 'ST_S23' 'ST_S24'\n",
      " 'ST_S25' 'ST_S26' 'ST_S27' 'ST_S28' 'ST_S29' 'ST_S30' 'ST_S31' 'ST_S32'\n",
      " 'ST_S33' 'ST_S34' 'ST_S35' 'ST_S36' 'ST_S37' 'ST_S38' 'ST_S39' 'ST_S40'\n",
      " 'ST_S41' 'ST_S42' 'ST_S43' 'ST_S44' 'ST_S45' 'ST_S46' 'ST_S47' 'ST_S48'\n",
      " 'ST_S49' 'ST_S50'] RTD_ST_CD \n",
      "\n",
      "['1' '3' '2' 'NONE'] CustomerSegment \n",
      "\n",
      "[16.175222 15.931554 15.937029 ...  0.049281  0.054757  0.046543] Tenure \n",
      "\n",
      "[78.403833 70.989733 87.578371 ... 91.895962 22.099932 21.489391] Age \n",
      "\n",
      "['MS_S0' 'MS_S1' 'MS_S2' 'MS_S3' 'MS_S4'] MART_STATUS \n",
      "\n",
      "['F' 'M'] GENDER \n",
      "\n",
      "[ 0.  6.  1.  2.  5. nan  3.  7.  4.  9.  8. 11. 10. 12.] CHANNEL1_6M \n",
      "\n",
      "[ 0.  6.  4.  2.  5.  3.  1. nan  8.  7. 12. 10.  9. 23. 11. 53. 13. 17.] CHANNEL2_6M \n",
      "\n",
      "[ 1.  0. 10.  6.  3.  5.  4.  7.  2. nan  9.  8. 26. 12. 11.] CHANNEL3_6M \n",
      "\n",
      "[ 0.  1.  4.  2.  6.  5.  3. nan  7. 12.  8. 10.  9. 14. 15. 18. 11. 13.\n",
      " 17.] CHANNEL4_6M \n",
      "\n",
      "[ 5.  0.  6.  4.  3.  7.  1.  2. nan 12.  8. 17. 13. 14.  9. 11. 10. 23.\n",
      " 24. 18. 15. 29. 25. 26. 16.] CHANNEL5_6M \n",
      "\n",
      "[ 0.  6.  4.  1.  2.  5.  3.  7. nan  8. 12. 16.  9. 10. 11. 14. 15. 17.\n",
      " 13. 24. 18. 20. 19. 53. 21. 23.] METHOD1_6M \n",
      "\n",
      "[ 0.  1. nan] RECENT_PAYMENT \n",
      "\n",
      "[ 6. 10.  1.  4.  5.  2.  7.  3.  8. nan 12. 14. 11.  9. 18. 13. 15. 16.\n",
      " 23. 26. 21. 22. 17. 33. 29. 24. 20. 53. 27. 19.] PAYMENTS_6M \n",
      "\n",
      "[0 3 2 1 5 4 6] CHANNEL1_3M \n",
      "\n",
      "[ 0  3  1  2  5  4  6 11  8 36  7] CHANNEL2_3M \n",
      "\n",
      "[ 1  0  6  3  2  4  5 16  7] CHANNEL3_3M \n",
      "\n",
      "[ 0  2  1  3  4  6  5  8 10  7] CHANNEL4_3M \n",
      "\n",
      "[ 2  0  3  1  4  6  5  8  7 13  9 10 11 16 12 14] CHANNEL5_3M \n",
      "\n",
      "[ 0  3  1  2  4  5  6  9  8  7 14 10 12 36 11 13] METHOD1_3M \n",
      "\n",
      "[ 3  6  0  1  4  2  5  8  7  9 13 16 11 10 21 17 12 36 18 14] PAYMENTS_3M \n",
      "\n",
      "[0 1] NOT_DI_3M \n",
      "\n",
      "[0 1] NOT_DI_6M \n",
      "\n",
      "[0] EVENT1_30_FLAG \n",
      "\n",
      "[0 2 1 3 4] EVENT2_90_SUM \n",
      "\n",
      "[ 0  1  2  4  3  6  5  7 17 23  8 13 10 22 16  9 15 14 11 18 25 38 12 35\n",
      " 20 36 40 19 26 27 29 32 24 41 31 42 30 28 37 21 34 44 45 33 43] LOGINS \n",
      "\n",
      "[0 1] POLICYPURCHASECHANNEL \n",
      "\n",
      "[0 1] Call_Flag \n",
      "\n"
     ]
    }
   ],
   "source": [
    "# Analyzing the datasets\n",
    "print(\"The data set has rows {} and columns {}\".format(data.shape[0],data.shape[1]))\n",
    "print(data.dtypes)\n",
    "print(data.isnull().sum())\n",
    "for col in data:\n",
    "    print(data[col].unique(),col,\"\\n\")\n",
    "\n"
   ]
  },
  {
   "cell_type": "code",
   "execution_count": 4,
   "metadata": {},
   "outputs": [
    {
     "name": "stdout",
     "output_type": "stream",
     "text": [
      "DATE_FOR                   object\n",
      "RTD_ST_CD                  object\n",
      "CustomerSegment            object\n",
      "Tenure                    float64\n",
      "Age                       float64\n",
      "MART_STATUS                object\n",
      "GENDER                   category\n",
      "CHANNEL1_6M               float64\n",
      "CHANNEL2_6M               float64\n",
      "CHANNEL3_6M               float64\n",
      "CHANNEL4_6M               float64\n",
      "CHANNEL5_6M               float64\n",
      "METHOD1_6M                float64\n",
      "RECENT_PAYMENT           category\n",
      "PAYMENTS_6M               float64\n",
      "CHANNEL1_3M                 int64\n",
      "CHANNEL2_3M                 int64\n",
      "CHANNEL3_3M                 int64\n",
      "CHANNEL4_3M                 int64\n",
      "CHANNEL5_3M                 int64\n",
      "METHOD1_3M                  int64\n",
      "PAYMENTS_3M                 int64\n",
      "NOT_DI_3M                category\n",
      "NOT_DI_6M                category\n",
      "EVENT1_30_FLAG              int64\n",
      "EVENT2_90_SUM               int64\n",
      "LOGINS                      int64\n",
      "POLICYPURCHASECHANNEL    category\n",
      "Call_Flag                category\n",
      "dtype: object\n"
     ]
    }
   ],
   "source": [
    "# Changing columns datatype to category\n",
    "cols = ['Call_Flag', 'POLICYPURCHASECHANNEL', 'NOT_DI_6M', 'NOT_DI_3M','RECENT_PAYMENT','GENDER']\n",
    "data[cols] = data[cols].astype('category')\n",
    "print(data.dtypes)"
   ]
  },
  {
   "cell_type": "code",
   "execution_count": 5,
   "metadata": {},
   "outputs": [
    {
     "data": {
      "text/plain": [
       "(129277, 27)"
      ]
     },
     "execution_count": 5,
     "metadata": {},
     "output_type": "execute_result"
    }
   ],
   "source": [
    "# As column \"EVENT1_30_FLAG\" has only one unique value I will remove that column as it will not impact the data\n",
    "\n",
    "data = data.drop([\"EVENT1_30_FLAG\",\"DATE_FOR\"], axis=1)\n",
    "# As missing datapoints are around 0.6%, so we can directly drop those rows. Also, I found that the missing values are in the same row. \n",
    "# So, only 809 rows were dropped\n",
    "# We can also use missing value imputation method like knn imputation, random forest to predict missing values\n",
    "data=pd.DataFrame(data.dropna())\n",
    "data.shape"
   ]
  },
  {
   "cell_type": "code",
   "execution_count": 6,
   "metadata": {},
   "outputs": [
    {
     "name": "stdout",
     "output_type": "stream",
     "text": [
      "(129277, 18)\n",
      "(129277, 9)\n"
     ]
    }
   ],
   "source": [
    "# Seperating categorical and numerical dataset\n",
    "numeric_data = pd.DataFrame(data.select_dtypes(include=[np.number]))\n",
    "categorical_data = pd.DataFrame(data.select_dtypes(exclude=[np.number]))\n",
    "print(numeric_data.shape)\n",
    "print(categorical_data.shape)"
   ]
  },
  {
   "cell_type": "code",
   "execution_count": 7,
   "metadata": {},
   "outputs": [
    {
     "data": {
      "text/html": [
       "<div>\n",
       "<style scoped>\n",
       "    .dataframe tbody tr th:only-of-type {\n",
       "        vertical-align: middle;\n",
       "    }\n",
       "\n",
       "    .dataframe tbody tr th {\n",
       "        vertical-align: top;\n",
       "    }\n",
       "\n",
       "    .dataframe thead th {\n",
       "        text-align: right;\n",
       "    }\n",
       "</style>\n",
       "<table border=\"1\" class=\"dataframe\">\n",
       "  <thead>\n",
       "    <tr style=\"text-align: right;\">\n",
       "      <th></th>\n",
       "      <th>Tenure</th>\n",
       "      <th>Age</th>\n",
       "      <th>CHANNEL1_6M</th>\n",
       "      <th>CHANNEL2_6M</th>\n",
       "      <th>CHANNEL3_6M</th>\n",
       "      <th>CHANNEL4_6M</th>\n",
       "      <th>CHANNEL5_6M</th>\n",
       "      <th>METHOD1_6M</th>\n",
       "      <th>PAYMENTS_6M</th>\n",
       "      <th>CHANNEL1_3M</th>\n",
       "      <th>CHANNEL2_3M</th>\n",
       "      <th>CHANNEL3_3M</th>\n",
       "      <th>CHANNEL4_3M</th>\n",
       "      <th>CHANNEL5_3M</th>\n",
       "      <th>METHOD1_3M</th>\n",
       "      <th>PAYMENTS_3M</th>\n",
       "      <th>EVENT2_90_SUM</th>\n",
       "      <th>LOGINS</th>\n",
       "    </tr>\n",
       "  </thead>\n",
       "  <tbody>\n",
       "    <tr>\n",
       "      <td>Tenure</td>\n",
       "      <td>1.000000</td>\n",
       "      <td>0.404367</td>\n",
       "      <td>-0.170688</td>\n",
       "      <td>0.064590</td>\n",
       "      <td>0.139932</td>\n",
       "      <td>-0.074824</td>\n",
       "      <td>0.104667</td>\n",
       "      <td>-0.251553</td>\n",
       "      <td>0.015312</td>\n",
       "      <td>-0.149676</td>\n",
       "      <td>0.049083</td>\n",
       "      <td>0.130135</td>\n",
       "      <td>-0.075787</td>\n",
       "      <td>0.095298</td>\n",
       "      <td>-0.243140</td>\n",
       "      <td>-0.015767</td>\n",
       "      <td>-0.063626</td>\n",
       "      <td>-0.098734</td>\n",
       "    </tr>\n",
       "    <tr>\n",
       "      <td>Age</td>\n",
       "      <td>0.404367</td>\n",
       "      <td>1.000000</td>\n",
       "      <td>-0.163336</td>\n",
       "      <td>0.079022</td>\n",
       "      <td>0.263810</td>\n",
       "      <td>0.011743</td>\n",
       "      <td>0.034998</td>\n",
       "      <td>-0.280082</td>\n",
       "      <td>-0.069889</td>\n",
       "      <td>-0.140079</td>\n",
       "      <td>0.067768</td>\n",
       "      <td>0.251791</td>\n",
       "      <td>0.002438</td>\n",
       "      <td>0.030896</td>\n",
       "      <td>-0.268419</td>\n",
       "      <td>-0.077235</td>\n",
       "      <td>-0.085963</td>\n",
       "      <td>-0.214799</td>\n",
       "    </tr>\n",
       "    <tr>\n",
       "      <td>CHANNEL1_6M</td>\n",
       "      <td>-0.170688</td>\n",
       "      <td>-0.163336</td>\n",
       "      <td>1.000000</td>\n",
       "      <td>-0.086003</td>\n",
       "      <td>-0.098335</td>\n",
       "      <td>0.041458</td>\n",
       "      <td>-0.075422</td>\n",
       "      <td>0.353334</td>\n",
       "      <td>0.278603</td>\n",
       "      <td>0.904554</td>\n",
       "      <td>-0.072783</td>\n",
       "      <td>-0.089943</td>\n",
       "      <td>0.060785</td>\n",
       "      <td>-0.068647</td>\n",
       "      <td>0.329450</td>\n",
       "      <td>0.240767</td>\n",
       "      <td>0.094677</td>\n",
       "      <td>0.079430</td>\n",
       "    </tr>\n",
       "    <tr>\n",
       "      <td>CHANNEL2_6M</td>\n",
       "      <td>0.064590</td>\n",
       "      <td>0.079022</td>\n",
       "      <td>-0.086003</td>\n",
       "      <td>1.000000</td>\n",
       "      <td>-0.188392</td>\n",
       "      <td>0.042378</td>\n",
       "      <td>-0.161057</td>\n",
       "      <td>0.158564</td>\n",
       "      <td>0.185772</td>\n",
       "      <td>-0.078562</td>\n",
       "      <td>0.949437</td>\n",
       "      <td>-0.182217</td>\n",
       "      <td>0.029161</td>\n",
       "      <td>-0.153988</td>\n",
       "      <td>0.157539</td>\n",
       "      <td>0.160611</td>\n",
       "      <td>0.040641</td>\n",
       "      <td>-0.190373</td>\n",
       "    </tr>\n",
       "    <tr>\n",
       "      <td>CHANNEL3_6M</td>\n",
       "      <td>0.139932</td>\n",
       "      <td>0.263810</td>\n",
       "      <td>-0.098335</td>\n",
       "      <td>-0.188392</td>\n",
       "      <td>1.000000</td>\n",
       "      <td>-0.123164</td>\n",
       "      <td>-0.148084</td>\n",
       "      <td>-0.285193</td>\n",
       "      <td>0.102407</td>\n",
       "      <td>-0.086446</td>\n",
       "      <td>-0.174720</td>\n",
       "      <td>0.964903</td>\n",
       "      <td>-0.107430</td>\n",
       "      <td>-0.140859</td>\n",
       "      <td>-0.266246</td>\n",
       "      <td>0.097728</td>\n",
       "      <td>-0.087691</td>\n",
       "      <td>-0.179692</td>\n",
       "    </tr>\n",
       "    <tr>\n",
       "      <td>CHANNEL4_6M</td>\n",
       "      <td>-0.074824</td>\n",
       "      <td>0.011743</td>\n",
       "      <td>0.041458</td>\n",
       "      <td>0.042378</td>\n",
       "      <td>-0.123164</td>\n",
       "      <td>1.000000</td>\n",
       "      <td>-0.111875</td>\n",
       "      <td>0.219733</td>\n",
       "      <td>0.146282</td>\n",
       "      <td>0.027828</td>\n",
       "      <td>0.050986</td>\n",
       "      <td>-0.117888</td>\n",
       "      <td>0.876719</td>\n",
       "      <td>-0.106143</td>\n",
       "      <td>0.211452</td>\n",
       "      <td>0.126596</td>\n",
       "      <td>0.184425</td>\n",
       "      <td>-0.087292</td>\n",
       "    </tr>\n",
       "    <tr>\n",
       "      <td>CHANNEL5_6M</td>\n",
       "      <td>0.104667</td>\n",
       "      <td>0.034998</td>\n",
       "      <td>-0.075422</td>\n",
       "      <td>-0.161057</td>\n",
       "      <td>-0.148084</td>\n",
       "      <td>-0.111875</td>\n",
       "      <td>1.000000</td>\n",
       "      <td>-0.220227</td>\n",
       "      <td>0.135583</td>\n",
       "      <td>-0.066334</td>\n",
       "      <td>-0.152373</td>\n",
       "      <td>-0.142800</td>\n",
       "      <td>-0.098227</td>\n",
       "      <td>0.965934</td>\n",
       "      <td>-0.206910</td>\n",
       "      <td>0.113604</td>\n",
       "      <td>-0.060226</td>\n",
       "      <td>-0.048883</td>\n",
       "    </tr>\n",
       "    <tr>\n",
       "      <td>METHOD1_6M</td>\n",
       "      <td>-0.251553</td>\n",
       "      <td>-0.280082</td>\n",
       "      <td>0.353334</td>\n",
       "      <td>0.158564</td>\n",
       "      <td>-0.285193</td>\n",
       "      <td>0.219733</td>\n",
       "      <td>-0.220227</td>\n",
       "      <td>1.000000</td>\n",
       "      <td>0.396520</td>\n",
       "      <td>0.293969</td>\n",
       "      <td>0.162749</td>\n",
       "      <td>-0.272431</td>\n",
       "      <td>0.193813</td>\n",
       "      <td>-0.209483</td>\n",
       "      <td>0.943047</td>\n",
       "      <td>0.339036</td>\n",
       "      <td>0.161220</td>\n",
       "      <td>0.170460</td>\n",
       "    </tr>\n",
       "    <tr>\n",
       "      <td>PAYMENTS_6M</td>\n",
       "      <td>0.015312</td>\n",
       "      <td>-0.069889</td>\n",
       "      <td>0.278603</td>\n",
       "      <td>0.185772</td>\n",
       "      <td>0.102407</td>\n",
       "      <td>0.146282</td>\n",
       "      <td>0.135583</td>\n",
       "      <td>0.396520</td>\n",
       "      <td>1.000000</td>\n",
       "      <td>0.227268</td>\n",
       "      <td>0.191462</td>\n",
       "      <td>0.104870</td>\n",
       "      <td>0.130325</td>\n",
       "      <td>0.140468</td>\n",
       "      <td>0.382355</td>\n",
       "      <td>0.863580</td>\n",
       "      <td>0.155181</td>\n",
       "      <td>0.134903</td>\n",
       "    </tr>\n",
       "    <tr>\n",
       "      <td>CHANNEL1_3M</td>\n",
       "      <td>-0.149676</td>\n",
       "      <td>-0.140079</td>\n",
       "      <td>0.904554</td>\n",
       "      <td>-0.078562</td>\n",
       "      <td>-0.086446</td>\n",
       "      <td>0.027828</td>\n",
       "      <td>-0.066334</td>\n",
       "      <td>0.293969</td>\n",
       "      <td>0.227268</td>\n",
       "      <td>1.000000</td>\n",
       "      <td>-0.069116</td>\n",
       "      <td>-0.080660</td>\n",
       "      <td>0.036840</td>\n",
       "      <td>-0.062010</td>\n",
       "      <td>0.323598</td>\n",
       "      <td>0.255618</td>\n",
       "      <td>0.040860</td>\n",
       "      <td>0.063604</td>\n",
       "    </tr>\n",
       "    <tr>\n",
       "      <td>CHANNEL2_3M</td>\n",
       "      <td>0.049083</td>\n",
       "      <td>0.067768</td>\n",
       "      <td>-0.072783</td>\n",
       "      <td>0.949437</td>\n",
       "      <td>-0.174720</td>\n",
       "      <td>0.050986</td>\n",
       "      <td>-0.152373</td>\n",
       "      <td>0.162749</td>\n",
       "      <td>0.191462</td>\n",
       "      <td>-0.069116</td>\n",
       "      <td>1.000000</td>\n",
       "      <td>-0.176081</td>\n",
       "      <td>0.005932</td>\n",
       "      <td>-0.148856</td>\n",
       "      <td>0.186877</td>\n",
       "      <td>0.214916</td>\n",
       "      <td>0.059061</td>\n",
       "      <td>-0.183119</td>\n",
       "    </tr>\n",
       "    <tr>\n",
       "      <td>CHANNEL3_3M</td>\n",
       "      <td>0.130135</td>\n",
       "      <td>0.251791</td>\n",
       "      <td>-0.089943</td>\n",
       "      <td>-0.182217</td>\n",
       "      <td>0.964903</td>\n",
       "      <td>-0.117888</td>\n",
       "      <td>-0.142800</td>\n",
       "      <td>-0.272431</td>\n",
       "      <td>0.104870</td>\n",
       "      <td>-0.080660</td>\n",
       "      <td>-0.176081</td>\n",
       "      <td>1.000000</td>\n",
       "      <td>-0.110461</td>\n",
       "      <td>-0.137846</td>\n",
       "      <td>-0.259827</td>\n",
       "      <td>0.138524</td>\n",
       "      <td>-0.077610</td>\n",
       "      <td>-0.173021</td>\n",
       "    </tr>\n",
       "    <tr>\n",
       "      <td>CHANNEL4_3M</td>\n",
       "      <td>-0.075787</td>\n",
       "      <td>0.002438</td>\n",
       "      <td>0.060785</td>\n",
       "      <td>0.029161</td>\n",
       "      <td>-0.107430</td>\n",
       "      <td>0.876719</td>\n",
       "      <td>-0.098227</td>\n",
       "      <td>0.193813</td>\n",
       "      <td>0.130325</td>\n",
       "      <td>0.036840</td>\n",
       "      <td>0.005932</td>\n",
       "      <td>-0.110461</td>\n",
       "      <td>1.000000</td>\n",
       "      <td>-0.096515</td>\n",
       "      <td>0.227693</td>\n",
       "      <td>0.176203</td>\n",
       "      <td>0.196735</td>\n",
       "      <td>-0.078983</td>\n",
       "    </tr>\n",
       "    <tr>\n",
       "      <td>CHANNEL5_3M</td>\n",
       "      <td>0.095298</td>\n",
       "      <td>0.030896</td>\n",
       "      <td>-0.068647</td>\n",
       "      <td>-0.153988</td>\n",
       "      <td>-0.140859</td>\n",
       "      <td>-0.106143</td>\n",
       "      <td>0.965934</td>\n",
       "      <td>-0.209483</td>\n",
       "      <td>0.140468</td>\n",
       "      <td>-0.062010</td>\n",
       "      <td>-0.148856</td>\n",
       "      <td>-0.137846</td>\n",
       "      <td>-0.096515</td>\n",
       "      <td>1.000000</td>\n",
       "      <td>-0.201819</td>\n",
       "      <td>0.152590</td>\n",
       "      <td>-0.051750</td>\n",
       "      <td>-0.048283</td>\n",
       "    </tr>\n",
       "    <tr>\n",
       "      <td>METHOD1_3M</td>\n",
       "      <td>-0.243140</td>\n",
       "      <td>-0.268419</td>\n",
       "      <td>0.329450</td>\n",
       "      <td>0.157539</td>\n",
       "      <td>-0.266246</td>\n",
       "      <td>0.211452</td>\n",
       "      <td>-0.206910</td>\n",
       "      <td>0.943047</td>\n",
       "      <td>0.382355</td>\n",
       "      <td>0.323598</td>\n",
       "      <td>0.186877</td>\n",
       "      <td>-0.259827</td>\n",
       "      <td>0.227693</td>\n",
       "      <td>-0.201819</td>\n",
       "      <td>1.000000</td>\n",
       "      <td>0.429525</td>\n",
       "      <td>0.171403</td>\n",
       "      <td>0.170029</td>\n",
       "    </tr>\n",
       "    <tr>\n",
       "      <td>PAYMENTS_3M</td>\n",
       "      <td>-0.015767</td>\n",
       "      <td>-0.077235</td>\n",
       "      <td>0.240767</td>\n",
       "      <td>0.160611</td>\n",
       "      <td>0.097728</td>\n",
       "      <td>0.126596</td>\n",
       "      <td>0.113604</td>\n",
       "      <td>0.339036</td>\n",
       "      <td>0.863580</td>\n",
       "      <td>0.255618</td>\n",
       "      <td>0.214916</td>\n",
       "      <td>0.138524</td>\n",
       "      <td>0.176203</td>\n",
       "      <td>0.152590</td>\n",
       "      <td>0.429525</td>\n",
       "      <td>1.000000</td>\n",
       "      <td>0.184928</td>\n",
       "      <td>0.134761</td>\n",
       "    </tr>\n",
       "    <tr>\n",
       "      <td>EVENT2_90_SUM</td>\n",
       "      <td>-0.063626</td>\n",
       "      <td>-0.085963</td>\n",
       "      <td>0.094677</td>\n",
       "      <td>0.040641</td>\n",
       "      <td>-0.087691</td>\n",
       "      <td>0.184425</td>\n",
       "      <td>-0.060226</td>\n",
       "      <td>0.161220</td>\n",
       "      <td>0.155181</td>\n",
       "      <td>0.040860</td>\n",
       "      <td>0.059061</td>\n",
       "      <td>-0.077610</td>\n",
       "      <td>0.196735</td>\n",
       "      <td>-0.051750</td>\n",
       "      <td>0.171403</td>\n",
       "      <td>0.184928</td>\n",
       "      <td>1.000000</td>\n",
       "      <td>0.082594</td>\n",
       "    </tr>\n",
       "    <tr>\n",
       "      <td>LOGINS</td>\n",
       "      <td>-0.098734</td>\n",
       "      <td>-0.214799</td>\n",
       "      <td>0.079430</td>\n",
       "      <td>-0.190373</td>\n",
       "      <td>-0.179692</td>\n",
       "      <td>-0.087292</td>\n",
       "      <td>-0.048883</td>\n",
       "      <td>0.170460</td>\n",
       "      <td>0.134903</td>\n",
       "      <td>0.063604</td>\n",
       "      <td>-0.183119</td>\n",
       "      <td>-0.173021</td>\n",
       "      <td>-0.078983</td>\n",
       "      <td>-0.048283</td>\n",
       "      <td>0.170029</td>\n",
       "      <td>0.134761</td>\n",
       "      <td>0.082594</td>\n",
       "      <td>1.000000</td>\n",
       "    </tr>\n",
       "  </tbody>\n",
       "</table>\n",
       "</div>"
      ],
      "text/plain": [
       "                 Tenure       Age  CHANNEL1_6M  CHANNEL2_6M  CHANNEL3_6M  \\\n",
       "Tenure         1.000000  0.404367    -0.170688     0.064590     0.139932   \n",
       "Age            0.404367  1.000000    -0.163336     0.079022     0.263810   \n",
       "CHANNEL1_6M   -0.170688 -0.163336     1.000000    -0.086003    -0.098335   \n",
       "CHANNEL2_6M    0.064590  0.079022    -0.086003     1.000000    -0.188392   \n",
       "CHANNEL3_6M    0.139932  0.263810    -0.098335    -0.188392     1.000000   \n",
       "CHANNEL4_6M   -0.074824  0.011743     0.041458     0.042378    -0.123164   \n",
       "CHANNEL5_6M    0.104667  0.034998    -0.075422    -0.161057    -0.148084   \n",
       "METHOD1_6M    -0.251553 -0.280082     0.353334     0.158564    -0.285193   \n",
       "PAYMENTS_6M    0.015312 -0.069889     0.278603     0.185772     0.102407   \n",
       "CHANNEL1_3M   -0.149676 -0.140079     0.904554    -0.078562    -0.086446   \n",
       "CHANNEL2_3M    0.049083  0.067768    -0.072783     0.949437    -0.174720   \n",
       "CHANNEL3_3M    0.130135  0.251791    -0.089943    -0.182217     0.964903   \n",
       "CHANNEL4_3M   -0.075787  0.002438     0.060785     0.029161    -0.107430   \n",
       "CHANNEL5_3M    0.095298  0.030896    -0.068647    -0.153988    -0.140859   \n",
       "METHOD1_3M    -0.243140 -0.268419     0.329450     0.157539    -0.266246   \n",
       "PAYMENTS_3M   -0.015767 -0.077235     0.240767     0.160611     0.097728   \n",
       "EVENT2_90_SUM -0.063626 -0.085963     0.094677     0.040641    -0.087691   \n",
       "LOGINS        -0.098734 -0.214799     0.079430    -0.190373    -0.179692   \n",
       "\n",
       "               CHANNEL4_6M  CHANNEL5_6M  METHOD1_6M  PAYMENTS_6M  CHANNEL1_3M  \\\n",
       "Tenure           -0.074824     0.104667   -0.251553     0.015312    -0.149676   \n",
       "Age               0.011743     0.034998   -0.280082    -0.069889    -0.140079   \n",
       "CHANNEL1_6M       0.041458    -0.075422    0.353334     0.278603     0.904554   \n",
       "CHANNEL2_6M       0.042378    -0.161057    0.158564     0.185772    -0.078562   \n",
       "CHANNEL3_6M      -0.123164    -0.148084   -0.285193     0.102407    -0.086446   \n",
       "CHANNEL4_6M       1.000000    -0.111875    0.219733     0.146282     0.027828   \n",
       "CHANNEL5_6M      -0.111875     1.000000   -0.220227     0.135583    -0.066334   \n",
       "METHOD1_6M        0.219733    -0.220227    1.000000     0.396520     0.293969   \n",
       "PAYMENTS_6M       0.146282     0.135583    0.396520     1.000000     0.227268   \n",
       "CHANNEL1_3M       0.027828    -0.066334    0.293969     0.227268     1.000000   \n",
       "CHANNEL2_3M       0.050986    -0.152373    0.162749     0.191462    -0.069116   \n",
       "CHANNEL3_3M      -0.117888    -0.142800   -0.272431     0.104870    -0.080660   \n",
       "CHANNEL4_3M       0.876719    -0.098227    0.193813     0.130325     0.036840   \n",
       "CHANNEL5_3M      -0.106143     0.965934   -0.209483     0.140468    -0.062010   \n",
       "METHOD1_3M        0.211452    -0.206910    0.943047     0.382355     0.323598   \n",
       "PAYMENTS_3M       0.126596     0.113604    0.339036     0.863580     0.255618   \n",
       "EVENT2_90_SUM     0.184425    -0.060226    0.161220     0.155181     0.040860   \n",
       "LOGINS           -0.087292    -0.048883    0.170460     0.134903     0.063604   \n",
       "\n",
       "               CHANNEL2_3M  CHANNEL3_3M  CHANNEL4_3M  CHANNEL5_3M  METHOD1_3M  \\\n",
       "Tenure            0.049083     0.130135    -0.075787     0.095298   -0.243140   \n",
       "Age               0.067768     0.251791     0.002438     0.030896   -0.268419   \n",
       "CHANNEL1_6M      -0.072783    -0.089943     0.060785    -0.068647    0.329450   \n",
       "CHANNEL2_6M       0.949437    -0.182217     0.029161    -0.153988    0.157539   \n",
       "CHANNEL3_6M      -0.174720     0.964903    -0.107430    -0.140859   -0.266246   \n",
       "CHANNEL4_6M       0.050986    -0.117888     0.876719    -0.106143    0.211452   \n",
       "CHANNEL5_6M      -0.152373    -0.142800    -0.098227     0.965934   -0.206910   \n",
       "METHOD1_6M        0.162749    -0.272431     0.193813    -0.209483    0.943047   \n",
       "PAYMENTS_6M       0.191462     0.104870     0.130325     0.140468    0.382355   \n",
       "CHANNEL1_3M      -0.069116    -0.080660     0.036840    -0.062010    0.323598   \n",
       "CHANNEL2_3M       1.000000    -0.176081     0.005932    -0.148856    0.186877   \n",
       "CHANNEL3_3M      -0.176081     1.000000    -0.110461    -0.137846   -0.259827   \n",
       "CHANNEL4_3M       0.005932    -0.110461     1.000000    -0.096515    0.227693   \n",
       "CHANNEL5_3M      -0.148856    -0.137846    -0.096515     1.000000   -0.201819   \n",
       "METHOD1_3M        0.186877    -0.259827     0.227693    -0.201819    1.000000   \n",
       "PAYMENTS_3M       0.214916     0.138524     0.176203     0.152590    0.429525   \n",
       "EVENT2_90_SUM     0.059061    -0.077610     0.196735    -0.051750    0.171403   \n",
       "LOGINS           -0.183119    -0.173021    -0.078983    -0.048283    0.170029   \n",
       "\n",
       "               PAYMENTS_3M  EVENT2_90_SUM    LOGINS  \n",
       "Tenure           -0.015767      -0.063626 -0.098734  \n",
       "Age              -0.077235      -0.085963 -0.214799  \n",
       "CHANNEL1_6M       0.240767       0.094677  0.079430  \n",
       "CHANNEL2_6M       0.160611       0.040641 -0.190373  \n",
       "CHANNEL3_6M       0.097728      -0.087691 -0.179692  \n",
       "CHANNEL4_6M       0.126596       0.184425 -0.087292  \n",
       "CHANNEL5_6M       0.113604      -0.060226 -0.048883  \n",
       "METHOD1_6M        0.339036       0.161220  0.170460  \n",
       "PAYMENTS_6M       0.863580       0.155181  0.134903  \n",
       "CHANNEL1_3M       0.255618       0.040860  0.063604  \n",
       "CHANNEL2_3M       0.214916       0.059061 -0.183119  \n",
       "CHANNEL3_3M       0.138524      -0.077610 -0.173021  \n",
       "CHANNEL4_3M       0.176203       0.196735 -0.078983  \n",
       "CHANNEL5_3M       0.152590      -0.051750 -0.048283  \n",
       "METHOD1_3M        0.429525       0.171403  0.170029  \n",
       "PAYMENTS_3M       1.000000       0.184928  0.134761  \n",
       "EVENT2_90_SUM     0.184928       1.000000  0.082594  \n",
       "LOGINS            0.134761       0.082594  1.000000  "
      ]
     },
     "execution_count": 7,
     "metadata": {},
     "output_type": "execute_result"
    }
   ],
   "source": [
    "numeric_data.corr(method='pearson', min_periods=1)\n"
   ]
  },
  {
   "cell_type": "code",
   "execution_count": 7,
   "metadata": {},
   "outputs": [
    {
     "data": {
      "text/plain": [
       "<seaborn.axisgrid.PairGrid at 0x7faa05cfb710>"
      ]
     },
     "execution_count": 7,
     "metadata": {},
     "output_type": "execute_result"
    },
    {
     "data": {
